0,25
1,25
2,24
3,23
4,23
5,23
6,23
7,23
8,23
9,23
10,23
11,23
12,22
13,22
14,22
15,22
16,22
17,22
18,22
19,22
20,22
21,22
22,22
23,22
24,22
25,22
26,22
27,22
28,22
29,22
30,22
31,22
32,22
33,22
34,22
35,22
36,22
37,22
38,22
39,22
40,22
41,22
42,22
43,22
44,22
45,22
46,22
47,21
48,21
49,20
50,20
51,20
52,20
53,20
54,20
55,20
56,20
57,20
58,20
59,20
60,20
61,20
62,20
63,20
64,20
65,20
66,20
67,20
68,20
69,20
70,20
71,20
72,20
73,20
74,20
75,19
76,19
77,19
78,19
79,19
80,19
81,19
82,19
83,19
84,19
85,19
86,19
87,19
88,18
89,18
90,18
91,18
92,18
93,18
94,18
95,18
96,18
97,18
98,18
99,17
100,16
101,16
102,16
103,16
104,16
105,16
106,16
107,16
108,16
109,16
110,16
111,16
112,16
113,16
114,16
115,16
116,16
117,16
118,16
119,16
120,16
121,16
122,16
123,16
124,16
125,16
126,16
127,16
128,16
129,16
130,16
131,16
132,15
133,15
134,15
135,15
136,15
137,15
138,15
139,14
140,14
141,14
142,14
143,14
144,14
145,14
146,14
147,14
148,14
149,14
150,14
151,14
152,14
153,14
154,14
155,14
156,14
157,14
158,14
159,14
160,14
161,14
162,14
163,14
164,14
165,14
166,14
167,14
168,14
169,14
170,14
171,14
172,14
173,14
174,14
175,14
176,14
177,14
178,14
179,14
180,14
181,14
182,14
183,14
184,14
185,14
186,14
187,14
188,14
189,14
190,14
191,14
192,14
193,14
194,14
195,14
196,14
197,14
198,14
199,14
200,14
201,14
202,14
203,14
204,14
205,14
206,14
207,14
208,14
209,14
210,14
211,14
212,14
213,14
214,14
215,14
216,14
217,14
218,14
219,14
220,14
221,14
222,14
223,14
224,14
225,14
226,14
227,14
228,14
229,14
230,14
231,14
232,14
233,14
234,14
235,14
236,14
237,14
238,14
239,14
240,14
241,14
242,14
243,14
244,14
245,14
246,14
247,14
248,14
249,14
250,14
251,14
252,14
253,14
254,14
255,14
256,14
257,14
258,14
259,13
260,13
261,13
262,13
263,13
264,13
265,13
266,13
267,13
268,13
269,13
270,13
271,13
272,12
273,12
274,12
275,12
276,12
277,12
278,12
279,12
280,12
281,12
282,12
283,12
284,12
285,12
286,12
287,12
288,12
289,12
290,12
291,12
292,12
293,12
294,12
295,12
296,12
297,12
298,12
299,12
300,12
301,12
302,12
303,12
304,12
305,12
306,12
307,12
308,12
309,12
310,12
311,12
312,12
313,12
314,12
315,12
316,12
317,12
318,12
319,12
320,12
321,12
322,12
323,11
324,11
325,11
326,11
327,11
328,11
329,11
330,11
331,11
332,11
333,11
334,11
335,11
336,11
337,11
338,11
339,11
340,11
341,11
342,11
343,11
344,11
345,11
346,11
347,11
348,11
349,11
350,11
351,11
352,11
353,11
354,10
355,10
356,10
357,10
358,10
359,10
360,10
361,10
362,10
363,10
364,10
365,10
366,10
367,10
368,10
369,10
370,10
371,10
372,10
373,10
374,10
375,10
376,10
377,10
378,10
379,10
380,10
381,10
382,10
383,10
384,10
385,10
386,10
387,10
388,10
389,10
390,10
391,10
392,10
393,10
394,10
395,10
396,10
397,10
398,10
399,10
400,10
401,10
402,10
403,10
404,10
405,10
406,10
407,10
408,10
409,10
410,10
411,10
412,10
413,10
414,10
415,10
416,10
417,10
418,10
419,10
420,10
421,10
422,10
423,10
424,10
425,10
426,10
427,10
428,10
429,10
430,10
431,10
432,10
433,10
434,10
435,10
436,10
437,10
438,10
439,10
440,10
441,10
442,10
443,10
444,10
445,10
446,10
447,10
448,10
449,10
450,10
451,10
452,10
453,10
454,10
455,10
456,10
457,10
458,10
459,10
460,10
461,10
462,10
463,10
464,10
465,9
466,9
467,9
468,9
469,9
470,9
471,9
472,9
473,9
474,9
475,9
476,9
477,9
478,9
479,9
480,9
481,9
482,9
483,9
484,9
485,9
486,9
487,9
488,9
489,9
490,9
491,9
492,9
493,9
494,9
495,9
496,9
497,9
498,9
499,9
500,9
501,9
502,9
503,9
504,9
505,9
506,9
507,9
508,9
509,9
510,9
511,9
512,9
513,9
514,9
515,9
516,9
517,9
518,9
519,9
520,9
521,9
522,9
523,9
524,9
525,9
526,9
527,9
528,9
529,9
530,9
531,9
532,9
533,9
534,9
535,9
536,9
537,9
538,9
539,9
540,9
541,9
542,9
543,9
544,9
545,9
546,9
547,8
548,8
549,8
550,8
551,8
552,8
553,8
554,8
555,8
556,8
557,8
558,8
559,8
560,8
561,8
562,8
563,8
564,8
565,8
566,8
567,8
568,8
569,8
570,8
571,8
572,8
573,8
574,8
575,8
576,8
577,8
578,8
579,8
580,8
581,8
582,8
583,8
584,8
585,8
586,8
587,8
588,8
589,8
590,8
591,8
592,8
593,8
594,8
595,8
596,8
597,8
598,8
599,7
600,7
601,7
602,7
603,7
604,7
605,7
606,7
607,7
608,7
609,7
610,7
611,7
612,7
613,7
614,7
615,7
616,7
617,7
618,7
619,7
620,7
621,7
622,7
623,7
624,7
625,7
626,7
627,7
628,7
629,7
630,7
631,7
632,7
633,7
634,7
635,7
636,7
637,7
638,7
639,7
640,7
641,7
642,7
643,7
644,7
645,7
646,7
647,7
648,7
649,7
650,6
651,6
652,6
653,6
654,6
655,6
656,6
657,6
658,6
659,6
660,6
661,6
662,6
663,6
664,6
665,6
666,6
667,6
668,6
669,6
670,6
671,6
672,6
673,6
674,6
675,6
676,6
677,6
678,6
679,6
680,6
681,6
682,6
683,6
684,5
685,5
686,5
687,5
688,5
689,5
690,5
691,5
692,5
693,5
694,5
695,5
696,5
697,5
698,5
699,5
700,5
701,5
702,5
703,5
704,5
705,5
706,5
707,5
708,5
709,5
710,5
711,5
712,5
713,5
714,5
715,5
716,5
717,5
718,5
719,5
720,5
721,5
722,5
723,5
724,5
725,5
726,5
727,5
728,5
729,5
730,5
731,5
732,5
733,4
734,4
735,4
736,4
737,4
738,4
739,4
740,4
741,4
742,4
743,4
744,4
745,4
746,4
747,4
748,4
749,4
750,4
751,4
752,4
753,4
754,4
755,4
756,4
757,4
758,4
759,4
760,4
761,4
762,4
763,4
764,4
765,4
766,4
767,4
768,4
769,4
770,4
771,4
772,4
773,4
774,4
775,4
776,4
777,4
778,4
779,4
780,4
781,4
782,4
783,4
784,4
785,4
786,4
787,4
788,4
789,4
790,4
791,4
792,4
793,4
794,4
795,4
796,4
797,4
798,4
799,4
800,4
801,4
802,4
803,4
804,4
805,4
806,4
807,4
808,4
809,4
810,4
811,4
812,4
813,4
814,4
815,4
816,4
817,4
818,4
819,4
820,4
821,4
822,4
823,4
824,4
825,4
826,4
827,4
828,4
829,4
830,4
831,4
832,4
833,4
834,4
835,4
836,4
837,4
838,4
839,4
840,4
841,4
842,4
843,4
844,4
845,4
846,4
847,4
848,4
849,4
850,4
851,4
852,4
853,4
854,4
855,4
856,4
857,4
858,4
859,4
860,4
861,4
862,4
863,4
864,4
865,4
866,4
867,4
868,4
869,4
870,4
871,4
872,4
873,4
874,4
875,4
876,4
877,4
878,4
879,4
880,4
881,4
882,4
883,4
884,4
885,4
886,4
887,4
888,4
889,4
890,4
891,4
892,4
893,4
894,4
895,4
896,4
897,4
898,4
899,4
900,4
901,4
902,4
903,4
904,4
905,4
906,4
907,4
908,4
909,4
910,4
911,4
912,4
913,4
914,4
915,4
916,4
917,4
918,4
919,4
920,4
921,4
922,4
923,4
924,4
925,4
926,4
927,4
928,4
929,4
930,4
931,4
932,4
933,4
934,4
935,4
936,4
937,4
938,4
939,4
940,4
941,4
942,4
943,4
944,4
945,4
946,4
947,4
948,4
949,4
950,4
951,4
952,4
953,4
954,4
955,4
956,4
957,4
958,4
959,4
960,4
961,4
962,4
963,4
964,4
965,4
966,4
967,4
968,4
969,4
970,4
971,4
972,4
973,4
974,4
975,4
976,4
977,4
978,4
979,4
980,4
981,4
982,4
983,4
984,4
985,4
986,4
987,4
988,4
989,4
990,4
991,4
992,4
993,4
994,4
995,4
996,4
997,4
998,4
999,4
1000,4
1001,4
1002,4
1003,4
1004,4
1005,4
1006,4
1007,4
1008,4
1009,4
1010,4
1011,4
1012,4
1013,4
1014,4
1015,4
1016,4
1017,4
1018,4
1019,4
1020,4
1021,4
1022,4
1023,4
1024,4
1025,4
1026,4
1027,4
1028,4
1029,4
1030,4
1031,4
1032,4
1033,4
1034,4
1035,4
1036,4
1037,4
1038,4
1039,4
1040,4
1041,4
1042,4
1043,4
1044,4
1045,4
1046,4
1047,4
1048,4
1049,4
1050,4
1051,4
1052,4
1053,4
1054,4
1055,4
1056,4
1057,4
1058,4
1059,4
1060,4
1061,4
1062,4
1063,4
1064,4
1065,4
1066,4
1067,4
1068,4
1069,4
1070,4
1071,4
1072,4
1073,4
1074,4
1075,4
1076,4
1077,4
1078,4
1079,4
1080,4
1081,4
1082,4
1083,4
1084,4
1085,4
1086,4
1087,4
1088,4
1089,4
1090,4
1091,4
1092,4
1093,4
1094,4
1095,4
1096,4
1097,4
1098,4
1099,4
1100,4
1101,4
1102,4
1103,4
1104,4
1105,4
1106,4
1107,4
1108,4
1109,4
1110,4
1111,4
1112,4
1113,4
1114,4
1115,4
1116,4
1117,4
1118,4
1119,4
1120,4
1121,4
1122,4
1123,4
1124,4
1125,4
1126,4
1127,4
1128,4
1129,4
1130,4
1131,4
1132,4
1133,4
1134,4
1135,4
1136,4
1137,4
1138,4
1139,4
1140,4
1141,4
1142,4
1143,4
1144,4
1145,4
1146,4
1147,4
1148,4
1149,4
1150,4
1151,4
1152,4
1153,4
1154,4
1155,4
1156,4
1157,4
1158,4
1159,4
1160,4
1161,4
1162,3
1163,3
1164,3
1165,3
1166,3
1167,3
1168,3
1169,3
1170,3
1171,3
1172,3
1173,3
1174,3
1175,3
1176,3
1177,3
1178,3
1179,3
1180,3
1181,3
1182,3
1183,3
1184,3
1185,3
1186,3
1187,3
1188,3
1189,3
1190,3
1191,3
1192,3
1193,3
1194,3
1195,3
1196,3
1197,2
1198,2
1199,2
1200,2
1201,2
1202,2
1203,2
1204,2
1205,2
1206,2
1207,2
1208,2
1209,2
1210,2
1211,2
1212,2
1213,2
1214,2
1215,2
1216,2
1217,2
1218,2
1219,2
1220,2
1221,2
1222,2
1223,2
1224,2
1225,2
1226,2
1227,2
1228,2
1229,2
1230,2
1231,2
1232,2
1233,2
1234,2
1235,2
1236,2
1237,2
1238,2
1239,2
1240,2
1241,2
1242,2
1243,2
1244,2
1245,2
1246,2
1247,2
1248,2
1249,2
1250,2
1251,2
1252,2
1253,2
1254,2
1255,2
1256,2
1257,2
1258,2
1259,2
1260,2
1261,2
1262,2
1263,2
1264,2
1265,2
1266,2
1267,2
1268,2
1269,2
1270,2
1271,2
1272,2
1273,2
1274,2
1275,2
1276,2
1277,2
1278,2
1279,2
1280,2
1281,2
1282,2
1283,2
1284,2
1285,2
1286,2
1287,2
1288,2
1289,2
1290,2
1291,2
1292,2
1293,2
1294,2
1295,2
1296,2
1297,2
1298,2
1299,2
1300,2
1301,2
1302,2
1303,2
1304,2
1305,2
1306,2
1307,2
1308,2
1309,2
1310,2
1311,2
1312,2
1313,2
1314,2
1315,2
1316,2
1317,2
1318,2
1319,2
1320,2
1321,2
1322,2
1323,2
1324,2
1325,2
1326,2
1327,2
1328,2
1329,2
1330,2
1331,2
1332,2
1333,2
1334,2
1335,2
1336,2
1337,2
1338,2
1339,2
1340,2
1341,2
1342,2
1343,2
1344,2
1345,2
1346,2
1347,2
1348,2
1349,2
1350,2
1351,2
1352,2
1353,2
1354,2
1355,2
1356,2
1357,2
1358,2
1359,2
1360,2
1361,2
1362,2
1363,2
1364,2
1365,2
1366,2
1367,2
1368,2
1369,2
1370,2
1371,2
1372,2
1373,2
1374,2
1375,2
1376,2
1377,2
1378,2
1379,2
1380,2
1381,2
1382,2
1383,2
1384,2
1385,2
1386,2
1387,2
1388,2
1389,2
1390,2
1391,2
1392,2
1393,2
1394,2
1395,2
1396,2
1397,2
1398,2
1399,2
1400,2
1401,2
1402,2
1403,2
1404,2
1405,2
1406,2
1407,2
1408,2
1409,2
1410,2
1411,2
1412,2
1413,2
1414,2
1415,2
1416,2
1417,2
1418,2
1419,2
1420,2
1421,2
1422,2
1423,2
1424,2
1425,2
1426,2
1427,2
1428,2
1429,2
1430,2
1431,2
1432,2
1433,2
1434,2
1435,2
1436,2
1437,2
1438,2
1439,2
1440,2
1441,2
1442,2
1443,2
1444,2
1445,2
1446,2
1447,2
1448,2
1449,2
1450,2
1451,2
1452,2
1453,2
1454,2
1455,2
1456,2
1457,2
1458,2
1459,2
1460,2
1461,2
1462,2
1463,2
1464,2
1465,2
1466,2
1467,2
1468,2
1469,2
1470,2
1471,2
1472,2
1473,2
1474,2
1475,2
1476,2
1477,2
1478,2
1479,2
1480,2
1481,2
1482,2
1483,2
1484,2
1485,2
1486,2
1487,2
1488,2
1489,2
1490,2
1491,2
1492,2
1493,2
1494,2
1495,2
1496,2
1497,2
1498,2
1499,2
1500,2
1501,2
1502,2
1503,2
1504,2
1505,2
1506,2
1507,2
1508,2
1509,2
1510,2
1511,2
1512,2
1513,2
1514,2
1515,2
1516,2
1517,2
1518,2
1519,2
1520,2
1521,2
1522,2
1523,2
1524,2
1525,2
1526,2
1527,2
1528,2
1529,2
1530,2
1531,2
1532,2
1533,2
1534,2
1535,2
1536,2
1537,2
1538,2
1539,2
1540,2
1541,2
1542,2
1543,2
1544,2
1545,2
1546,2
1547,2
1548,2
1549,2
1550,2
1551,2
1552,2
1553,2
1554,2
1555,2
1556,2
1557,2
1558,2
1559,2
1560,2
1561,2
1562,2
1563,2
1564,2
1565,2
1566,2
1567,2
1568,2
1569,2
1570,2
1571,2
1572,2
1573,2
1574,2
1575,2
1576,2
1577,2
1578,2
1579,2
1580,2
1581,2
1582,2
1583,2
1584,2
1585,2
1586,2
1587,2
1588,2
1589,2
1590,2
1591,2
1592,2
1593,2
1594,2
1595,2
1596,2
1597,2
1598,2
1599,2
1600,2
1601,2
1602,2
1603,2
1604,2
1605,2
1606,2
1607,2
1608,2
1609,2
1610,2
1611,2
1612,2
1613,2
1614,2
1615,2
1616,2
1617,2
1618,2
1619,2
1620,2
1621,2
1622,2
1623,2
1624,2
1625,2
1626,2
1627,2
1628,2
1629,2
1630,2
1631,2
1632,2
1633,2
1634,2
1635,2
1636,2
1637,2
1638,2
1639,2
1640,2
1641,2
1642,2
1643,2
1644,2
1645,2
1646,2
1647,2
1648,2
1649,2
1650,2
1651,2
1652,2
1653,2
1654,2
1655,2
1656,2
1657,2
1658,2
1659,2
1660,2
1661,2
1662,2
1663,2
1664,2
1665,2
1666,2
1667,2
1668,2
1669,2
1670,2
1671,2
1672,2
1673,2
1674,2
1675,2
1676,2
1677,2
1678,2
1679,2
1680,1
1681,1
1682,1
1683,1
1684,1
1685,1
1686,1
1687,1
1688,1
1689,1
1690,1
1691,1
1692,1
1693,1
1694,1
1695,1
1696,1
1697,1
1698,1
1699,1
1700,1
1701,1
1702,1
1703,1
1704,1
1705,1
1706,1
1707,1
1708,1
1709,1
1710,1
1711,1
1712,1
1713,1
1714,1
1715,1
1716,1
1717,1
1718,1
1719,1
1720,1
1721,1
1722,1
1723,1
1724,1
1725,1
1726,1
1727,1
1728,1
1729,1
1730,1
1731,1
1732,1
1733,1
1734,1
1735,1
1736,1
1737,1
1738,1
1739,1
1740,1
1741,1
1742,1
1743,1
1744,1
1745,1
1746,1
1747,1
1748,1
1749,1
1750,1
1751,1
1752,1
1753,1
1754,1
1755,1
1756,1
1757,1
1758,1
1759,1
1760,1
1761,1
1762,1
1763,1
1764,1
1765,1
1766,1
1767,1
1768,1
1769,1
1770,1
1771,1
1772,1
1773,1
1774,1
1775,1
1776,1
1777,1
1778,1
1779,1
1780,1
1781,1
1782,1
1783,1
1784,1
1785,1
1786,1
1787,1
1788,1
1789,1
1790,1
1791,1
1792,1
1793,1
1794,1
1795,1
1796,1
1797,1
1798,1
1799,1
1800,1
1801,1
1802,1
1803,1
1804,1
1805,1
1806,1
1807,1
1808,1
1809,1
1810,1
1811,1
1812,1
1813,1
1814,1
1815,1
1816,1
1817,1
1818,1
1819,1
1820,1
1821,1
1822,1
1823,1
1824,1
1825,1
1826,1
1827,1
1828,1
1829,1
1830,1
1831,1
1832,1
1833,1
1834,1
1835,1
1836,1
1837,1
1838,1
1839,1
1840,1
1841,1
1842,1
1843,1
1844,1
1845,1
1846,1
1847,1
1848,1
1849,1
1850,1
1851,1
1852,1
1853,1
1854,1
1855,1
1856,1
1857,1
1858,1
1859,1
1860,1
1861,1
1862,1
1863,1
1864,1
1865,1
1866,1
1867,1
1868,1
1869,1
1870,1
1871,1
1872,1
1873,1
1874,1
1875,1
1876,1
1877,1
1878,1
1879,1
1880,1
1881,1
1882,1
1883,1
1884,1
1885,1
1886,1
1887,1
1888,1
1889,1
1890,1
1891,1
1892,1
1893,1
1894,1
1895,1
1896,1
1897,1
1898,1
1899,1
1900,1
1901,1
1902,1
1903,1
1904,1
1905,1
1906,1
1907,1
1908,1
1909,1
1910,1
1911,1
1912,1
1913,1
1914,1
1915,1
1916,1
1917,1
1918,1
1919,1
1920,1
1921,1
1922,1
1923,1
1924,1
1925,1
1926,1
1927,1
1928,1
1929,1
1930,1
1931,1
1932,1
1933,1
1934,1
1935,1
1936,1
1937,1
1938,1
1939,1
1940,1
1941,1
1942,1
1943,1
1944,1
1945,1
1946,1
1947,1
1948,1
1949,1
1950,1
1951,1
1952,1
1953,1
1954,1
1955,1
1956,1
1957,1
1958,1
1959,1
1960,1
1961,1
1962,1
1963,1
1964,1
1965,1
1966,1
1967,1
1968,1
1969,1
1970,1
1971,1
1972,1
1973,1
1974,1
1975,1
1976,1
1977,1
1978,1
1979,1
1980,1
1981,1
1982,1
1983,1
1984,1
1985,1
1986,1
1987,1
1988,1
1989,1
1990,1
1991,1
1992,1
1993,1
1994,1
1995,1
1996,1
1997,1
1998,1
1999,1
2000,1
2001,1
2002,1
2003,1
2004,1
2005,1
2006,1
2007,1
2008,1
2009,1
2010,1
2011,1
2012,1
2013,1
2014,1
2015,1
2016,1
2017,1
2018,1
2019,1
2020,1
2021,1
2022,1
2023,1
2024,1
2025,1
2026,1
2027,1
2028,1
2029,1
2030,1
2031,1
2032,1
2033,1
2034,1
2035,1
2036,1
2037,1
2038,1
2039,1
2040,1
2041,1
2042,1
2043,1
2044,1
2045,1
2046,1
2047,1
2048,1
2049,1
2050,1
2051,1
2052,1
2053,1
2054,1
2055,1
2056,1
2057,1
2058,1
2059,1
2060,1
2061,1
2062,1
2063,1
2064,1
2065,1
2066,1
2067,1
2068,1
2069,1
2070,1
2071,1
2072,1
2073,1
2074,1
2075,1
2076,1
2077,1
2078,1
2079,1
2080,1
2081,1
2082,1
2083,1
2084,1
2085,1
2086,1
2087,1
2088,1
2089,1
2090,1
2091,1
2092,1
2093,1
2094,1
2095,1
2096,1
2097,1
2098,1
2099,1
2100,1
2101,1
2102,1
2103,1
2104,1
2105,1
2106,1
2107,1
2108,1
2109,1
2110,1
2111,1
2112,1
2113,1
2114,1
2115,1
2116,1
2117,1
2118,1
2119,1
2120,1
2121,1
2122,1
2123,1
2124,1
2125,1
2126,1
2127,1
2128,1
2129,1
2130,1
2131,1
2132,1
2133,1
2134,1
2135,1
2136,1
2137,1
2138,1
2139,1
2140,1
2141,1
2142,1
2143,1
2144,1
2145,1
2146,1
2147,1
2148,1
2149,1
2150,1
2151,1
2152,1
2153,1
2154,1
2155,1
2156,1
2157,1
2158,1
2159,1
2160,1
2161,1
2162,1
2163,1
2164,1
2165,1
2166,1
2167,1
2168,1
2169,1
2170,1
2171,1
2172,1
2173,1
2174,1
2175,1
2176,1
2177,1
2178,1
2179,1
2180,1
2181,1
2182,1
2183,1
2184,1
2185,1
2186,1
2187,1
2188,1
2189,1
2190,1
2191,1
2192,1
2193,1
2194,1
2195,1
2196,1
2197,1
2198,1
2199,1
2200,1
2201,1
2202,1
2203,1
2204,1
2205,1
2206,1
2207,1
2208,1
2209,1
2210,1
2211,1
2212,1
2213,1
2214,1
2215,1
2216,1
2217,1
2218,1
2219,1
2220,1
2221,1
2222,1
2223,1
2224,1
2225,1
2226,1
2227,1
2228,1
2229,1
2230,1
2231,1
2232,1
2233,1
2234,1
2235,1
2236,1
2237,1
2238,1
2239,1
2240,1
2241,1
2242,1
2243,1
2244,1
2245,1
2246,1
2247,1
2248,1
2249,1
2250,1
2251,1
2252,1
2253,1
2254,1
2255,1
2256,1
2257,1
2258,1
2259,1
2260,1
2261,1
2262,1
2263,1
2264,1
2265,1
2266,1
2267,1
2268,1
2269,1
2270,1
2271,1
2272,1
2273,1
2274,1
2275,1
2276,1
2277,1
2278,1
2279,1
2280,1
2281,1
2282,1
2283,1
2284,1
2285,1
2286,1
2287,1
2288,1
2289,1
2290,1
2291,1
2292,1
2293,1
2294,0
